84
1 1 21 Đường_Đại_Cồ_Việt 338 94
2 0 21 2 97 _ 348 112
2 1 97 3 155 Ngõ_43_Trần_Đại_Nghĩa 434 157
3 2 155 4 48 78 21 Cà_Phê_Góc_Phố 513 242
2 3 48 5 47 Cà_Phê_Mộc 513 290
2 4 47 6 33 Số_75_TĐN 513 337
3 5 33 7 34 62 92 Cổng_ĐHBK 513 370
2 6 34 8 35 _ 513 404
3 7 35 9 69 82 39 _ 505 438
2 8 69 10 31 _ 463 493
2 9 31 11 46 _ 439 512
3 10 46 12 51 45 17 _ 414 551 
2 11 51 13 35 _ 410	602
2 12 35 14 19 Circle_K_TĐN 413 637
3 13 19 15 38 20 39 _ 417 656
2 14 38 16 48 Kombox 421 694
3 15 48 17 56 21 85 Nút_giao_Lê_Thanh_Nghị_Trần_Đại Nghĩa
3 16 56 18 28 33 36 Lotteria 498 737
3 17 28 19 23 37 57 _ 480 715
2 18 23 21 23 _ 464 698
2 19 23 14 39 38 58 _ 448 680
3 16 85 22 28 23 39 _ 357 736
2 21 28 29 65 Ngõ_93_Lê_Thanh_Nghị 329 736
2 21 39 24 19 _ 383 707
2 23 19 25 22 _ 374 690
2 24 22 26 22 _ 372 668
2 25 22 27 27 _ 392 658
2 26 27 28 113 Ngõ_204_Lê_Thanh_Nghị 377 635
3 27 113 30 69 29 40 _ 290 737
2 22 65 28 40 _ 264 737
2 28 69 31 60 _ 252 650
2 30 60 32 101 Ngõ_75_Giải_phóng 195 630
1 31 101 Ngõ_266_LTN 97 605
3 17 36 34 43 35 32 _ 534 737
3 33 43 36 32 55 149 _ 577 737
3 33 32 34 32 36 31 Ngõ_106_LTN 556 713
2 35 31 37 14 _ 533 688
3 18 57 36 14 38 49 _ 524 678
3 20 58 37 49 39 58 _ 491 642
2 38 58 40 24 _ 537 602
3 39 24 41 56 42 32 _ 555 586
3 40 56 48 24 50 71 Ngõ_40_TQB 597 549
3 40 32 43 19 47 56 _ 534 562 
3 42 19 44 68 46 59 _ 518 552
2 43 68 45 50 _ 464 594
2 44 50 11 17 _ 431 556
3 43 59 47 17 81 9 _ 562 513
3 42 56 46 9 49 18 _ 573 525
3 41 24 47 18 49 71 _  585 534
3 48 71 50 24 83 91 _ 637 490
3 41 71 49 24 51 37 _ 650 502 
3 50 37 52 93 59 47 Viện_AIST 679 479
3 51 93 53 37 56 43 BK_Sport 741 549
4 52 37 56 22 54 37 57 70 Nút_giao_LTN_TQB 767 575
2 53 37 55 64 Cổng_SVĐ_BK 740 600
2 54 64 34 149 Nhà_Bát_Giác 690 640
2 52 43 53 22 _ 783 560
2 53 70 58 50 Ký_túc_xá_A2 812 628
1 57 50 _ 862 628
3 51 47 61 58 60 64 Nhà_ăn_A5 680 432
2 59 64 64 112 Ngõ_15_Tạ_Quang_Bửu 744 429
3 59 58 62 49 63 70 _ 653 381
3 6 92 61 49 79 150 KTX_Bách_Khoa 605 371 
3 61 70 64 78 74 45 KTX_B10 678 316
3 60 112 63 78 65 33 _ 756 318 
2 64 33 66 14 _ 762 286
2 65 14 67 28 _ 749 282
2 66 28 68 73 _ 748 254
2 67 73 69 24 _ 790 194
2 68 24 70 12 _ 789 171
2 69 12 71 28 _ 779 165
2 70 28 72 74 Ngõ_1_TQB 778 134
3 71 74 73 43 80 115 _ 704 132
3 72 43 74 102 75 53 _ 685 170
2 63 45 73 102 Trung_tâm_y_tế_Bách_Khoa 685 272
2 73 53 76 24 _ 634 184
3 75 24 77 82 79 35 Ngõ_30_Tạ_Quang_Bửu 610 186
2 76 82 78 38 _ 528 187
2 3 21 77 38 _ 528 225
2 62 150 76 35 Sân_bóng_ĐHBK 610 221
1 72 115 Đường_Đại_Cồ_Việt 701 17
2 46 9 82 50 _ 563 504
3 8 39 83 60 _ 531 466
2 49 91 52 60 Ngách_40/2_TQB